POROSAKGHLKSJAGHS
0.000000000000000001
0.1702515 0.1683893 0.1664415 0.1641431 0.1618113 0.159625 0.1577146 
0.1563981 0.1554962 0.15528 0.1553922 0.1561529 0.1571364 0.1582596 
0.1595983 0.1605565 0.1686199 0.1669705 0.1649923 0.1628233 0.1606873 
0.1588942 0.1575188 0.156791 0.1562508 0.1560733 0.1562127 0.1563901 
0.1570385 0.1578464 0.158817 0.1595602 0.167608 0.1658382 0.1638211 
0.161678 0.1596485 0.1582488 0.1576997 0.1573596 0.1571421 0.1570129 
0.1569566 0.1569767 0.1570674 0.157673 0.1581665 0.1586814 0.1668307 
0.1649779 0.1629818 0.1609018 0.1588108 0.157865 0.1581164 0.1583063 
0.1583547 0.1582513 0.1579992 0.157617 0.1572358 0.1574797 0.1577547 
0.1580172 0.1661696 0.1643011 0.1627733 0.1610062 0.1593963 0.1588944 
0.1594686 0.1599807 0.1602013 0.1600755 0.1596141 0.1588811 0.1581863 
0.1577656 0.1576736 0.1576419 0.1655 0.1639132 0.1625233 0.1614232 
0.1609341 0.1610318 0.1614823 0.1621276 0.1624274 0.1622417 0.1615933 
0.1606329 0.1597825 0.1585328 0.1579721 0.157648 0.1643324 0.1631234 
0.1622436 0.1618569 0.1622575 0.16969 0.1848149 0.1923813 0.1856535 
0.1712055 0.1639699 0.1629371 0.1613696 0.1599885 0.1583938 0.1577801 
0.1625054 0.1621325 0.1617214 0.1620201 0.1669013 0.1987101 0.2247292 
0.237166 0.2260823 0.2056303 0.1705211 0.164986 0.1628723 0.1609231 
0.1587474 0.1578192 0.1611492 0.1609231 0.1608155 0.161955 0.1856053 
0.2229673 0.2604696 0.2805615 0.2689597 0.2301356 0.1885886 0.1669353 
0.1641975 0.1616413 0.1595039 0.1575854 0.1599095 0.159217 0.1594341 
0.1611962 0.1906513 0.230022 0.2901584 0.3496664 0.293197 0.242019 
0.1983445 0.1685713 0.1652616 0.1621265 0.1593549 0.1569616 0.1589762 
0.1583335 0.1578831 0.160633 0.1859751 0.2248653 0.2661218 0.2915978 
0.2818834 0.2358933 0.1954856 0.1696537 0.1660444 0.1625192 0.1591397 
0.1562273 0.1583881 0.1581839 0.1589212 0.1613427 0.1725785 0.2018509 
0.2333285 0.2416581 0.2404124 0.2145016 0.1813055 0.1703333 0.1668665 
0.1633162 0.1597228 0.1561903 0.1580746 0.1588231 0.1596734 0.1621151 
0.1648999 0.1720172 0.1916703 0.1996178 0.1977256 0.1812761 0.172964 
0.1703477 0.167372 0.1642244 0.1611189 0.1582319 0.1578283 0.1589435 
0.1600055 0.1617201 0.1647367 0.1673754 0.1699672 0.1723469 0.1734531 
0.1734147 0.1720652 0.1702078 0.1678863 0.165325 0.1628239 0.1603922 
0.1581528 0.1588841 0.1600241 0.1616006 0.1642557 0.166422 0.1685447 
0.1705595 0.1716387 0.1719381 0.1714823 0.1700822 0.1684281 0.1664261 
0.1638428 0.1621452 0.1578455 0.1587118 0.159855 0.161278 0.1635447 
0.165348 0.1673816 0.1689362 0.1700549 0.1706394 0.1706859 0.1702247 
0.1690029 0.1674352 0.1651459 0.1634839 0.1576066 0.158539 0.1596241 
0.1608697 0.1622623 0.164197 0.1659599 0.1674391 0.1686148 0.1694238 
0.1698771 0.1700135 0.1696126 0.1680035 0.1660803 0.1643983 0.1575959 
0.158489 0.1594434 0.160478 0.1615895 0.1630621 0.1646267 0.1660643 
0.1672568 0.1681886 0.1688832 0.1693259 0.1697165 0.1681526 0.1662423 
0.1646643 0.1578798 0.1585645 0.1593087 0.1601245 0.1610113 0.1621906 
0.1635249 0.1647782 0.1658754 0.1668057 0.1675642 0.1681139 0.1678058 
0.1670904 0.1659029 0.1647714 0.1586189 0.159006 0.159472 0.1600129 
0.1606281 0.1613652 0.1627679 0.1637378 0.1646574 0.1654847 0.1661772 
0.165874 0.1660879 0.1658434 0.1651453 0.1645501 
/